24
9
22
21
12
7
5
1
7
3
20
4
4
24
3
41
10
5
2
15
3
4
4
10
2
3
2
2
8
3
5
1
26
26
2
26
4
15
3
31
50
24
1
15
25
32
2
10
8
2
3
3
1
91
3
4
6
2
1
6
16
2
16
11
18
5
3
5
1
3
34
2
12
4
6
5
16
3
3
4
7
5
10
25
4
4
4
4
9
6
1
2
2
4
2
62
6
7
15
58
6
9
2
24
57
2
1
14
3
10
2
9
5
1
2
2
11
101
8
14
2
6
9
1
1
8
10
46
1
6
1
2
4
4
46
24
2
47
6
9
4
3
4
36
3
33
39
1
2
1
4
4
2
2
4
9
14
14
3
3
4
55
7
6
20
3
2
4
11
2
14
4
1
5
21
3
2
3
4
2
22
15
1
4
3
3
1
3
5
17
7
55
16
1
1
10
3
5
13
2
2
2
10
4
14
5
22
27
4
4
8
6
6
1
3
4
27
22
30
2
12
26
4
6
4
2
19
3
1
11
1
1
4
1
5
5
3
2
7
1
18
1
9
18
2
2
3
3
9
2
6
12
7
23
3
1
3
4
18
1
1
9
1
6
4
34
6
23
2
13
6
2
2
12
18
4
2
11
1
2
4
3
16
2
14
18
10
3
17
8
1
1
8
1
9
24
2
20
4
24
12
8
15
5
9
2
6
17
5
6
42
3
6
1
5
2
17
1
3
57
2
10
16
7
22
8
4
5
4
3
2
1
1
16
2
11
40
3
8
5
9
2
6
3
5
1
1
7
4
6
9
2
12
3
3
5
6
3
9
5
6
3
9
2
10
20
4
10
49
4
8
6
7
46
10
6
20
30
9
4
9
12
65
4
80
3
5
26
3
6
3
16
4
12
13
3
7
2
132
7
8
4
17
1
12
14
3
3
1
3
2
12
1
4
11
6
2
4
21
24
2
13
2
2
4
3
10
5
12
3
3
4
4
8
4
9
1
9
16
2
15
12
10
21
3
15
9
2
14
4
9
8
2
2
10
37
1
2
9
2
6
5
1
12
6
10
4
11
8
21
7
1
17
7
12
1
9
14
21
1
2
4
1
4
2
3
3
2
30
2
1
15
56
3
4
3
7
4
2
10
11
1
1
1
18
2
2
36
3
4
23
3
3
1
5
10
1
7
15
120
1
25
6
8
2
15
3
1
3
3
10
2
3
2
2
6
6
4
46
3
3
5
5
4
3
2
10
5
4
28
3
12
2
1
2
3
2
14
4
5
4
1
14
12
4
36
5
5
9
2
8
2
3
6
2
8
6
14
1
20
8
2
3
2
50
8
14
2
9
2
46
1
7
6
8
3
57
2
5
1
4
4
1
2
1
51
3
9
1
2
9
11
1
10
6
4
4
5
8
13
2
2
6
34
6
6
6
2
3
11
4
14
2
12
5
13
2
3
2
8
2
2
2
1
4
1
1
6
16
14
2
6
9
15
3
10
56
2
20
4
14
6
2
2
1
4
6
7
2
6
5
4
2
4
4
2
2
4
3
27
17
15
12
3
1
8
14
20
10
6
31
132
1
6
10
4
126
2
4
3
2
7
22
1
15
4
14
2
2
14
4
12
6
3
33
2
37
4
42
1
2
16
7
2
2
6
10
13
35
10
1
17
4
1
2
19
1
4
2
2
8
12
1
4
1
20
4
1
15
1
4
2
10
3
2
16
1
23
1
1
10
5
3
2
5
8
4
4
6
4
65
4
4
2
28
12
2
6
3
2
6
29
15
5
16
9
2
18
15
12
6
50
5
3
21
28
18
1
4
16
7
4
6
1
6
36
32
2
12
3
25
3
4
1
13
2
3
8
7
3
6
4
7
3
11
1
1
7
40
2
7
3
2
5
4
2
1
6
1
25
10
4
15
4
5
5
8
91
2
7
8
9
6
2
6
10
2
2
12
13
1
13
2
3
2
10
4
6
3
1
3
1
6
4
4
4
4
2
5
2
1
3
1
1
4
2
2
9
10
20
2
4
7
12
13
5
3
16
29
2
22
3
7
6
16
8
28
2
8
3
2
17
9
6
2
1
2
25
4
5
4
1
2
29
6
2
15
6
5
2
4
13
6
8
10
4
53
30
4
6
1
3
3
5
11
6
3
1
1
13
4
2
12
10
4
6
18
3
13
9
7
3
1
3
10
3
16
2
3
22
3
2
2
2
26
1
3
26
15
2
9
4
6
6
4
32
4
1
6
4
2
5
1
9
22
2
12
18
4
2
9433
