22
5
22
12
11
4
4
1
7
3
12
3
2
18
3
35
10
5
2
15
3
2
4
7
2
3
2
2
8
3
3
1
26
26
2
7
4
15
3
25
50
24
1
15
25
12
2
10
8
2
3
3
1
56
3
4
6
2
1
6
15
2
16
11
18
4
3
4
1
3
26
2
6
4
2
4
12
2
3
4
7
5
10
15
4
4
3
4
9
6
1
2
2
4
1
40
6
6
10
32
4
3
2
16
57
2
1
8
3
10
2
9
5
1
2
2
9
81
8
10
2
2
4
1
1
7
10
45
1
4
1
2
4
4
46
7
2
47
2
9
4
3
4
36
3
18
9
1
2
1
4
4
2
2
2
2
12
12
3
3
4
55
7
6
14
3
2
4
5
2
10
4
1
3
18
3
2
3
4
1
22
12
1
4
3
3
1
3
5
15
5
45
8
1
1
10
3
5
13
2
2
2
8
4
10
5
10
19
2
4
4
6
6
1
2
4
24
22
30
2
11
13
4
4
4
2
11
3
1
7
1
1
2
1
5
5
3
2
7
1
9
1
7
8
2
2
3
2
7
2
6
12
7
11
3
1
3
2
11
1
1
9
1
3
4
34
4
11
2
13
6
2
2
12
18
4
2
5
1
2
4
3
16
2
14
10
10
3
2
4
1
1
8
1
9
18
2
16
4
18
10
8
7
4
9
1
4
9
5
6
32
3
4
1
5
2
11
1
1
57
2
7
16
5
10
4
4
5
4
3
2
1
1
13
2
7
40
3
8
3
6
2
6
3
3
1
1
7
4
2
7
2
12
3
3
1
6
3
5
5
6
3
3
2
6
20
2
10
37
4
7
6
4
46
10
6
12
24
4
4
9
12
65
2
80
3
5
26
3
6
3
5
2
5
13
3
5
2
132
4
6
2
11
1
12
4
3
3
1
3
1
6
1
4
5
6
1
3
19
10
2
13
1
2
4
3
9
2
6
3
3
4
4
7
4
5
1
9
16
2
15
12
10
21
3
15
9
2
11
4
9
8
2
2
10
37
1
2
5
2
6
5
1
4
6
4
3
8
5
21
4
1
17
7
12
1
9
6
21
1
2
3
1
4
2
2
3
2
30
2
1
15
56
3
4
3
7
4
1
10
10
1
1
1
18
2
2
32
2
4
11
2
3
1
3
3
1
7
15
120
1
15
6
8
2
12
3
1
3
2
9
2
3
2
2
6
6
4
9
3
3
5
5
4
3
2
10
5
3
28
1
12
2
1
2
2
2
4
4
5
2
1
6
9
4
12
5
5
6
2
4
2
3
6
2
8
1
14
1
16
6
2
3
2
22
6
14
2
9
2
46
1
2
4
2
3
12
1
5
1
4
4
1
2
1
51
3
9
1
2
7
6
1
10
6
2
4
1
5
10
2
2
6
30
3
6
3
1
3
9
4
14
2
6
5
7
2
3
2
8
2
2
2
1
3
1
1
6
16
14
2
6
6
15
3
6
56
2
8
4
12
6
2
2
1
3
6
7
2
3
1
4
2
4
4
2
2
1
3
15
11
15
12
3
1
8
11
20
10
6
20
132
1
6
10
3
126
2
4
3
2
1
22
1
8
4
8
2
2
7
4
7
6
3
24
2
37
2
40
1
2
16
7
2
2
2
10
8
35
10
1
10
2
1
2
7
1
4
2
2
6
12
1
4
1
20
4
1
15
1
4
2
7
3
2
11
1
15
1
1
10
4
2
2
3
6
4
4
6
4
50
4
2
2
21
12
2
6
3
2
6
29
12
5
10
3
2
18
15
4
6
50
4
3
21
28
18
1
3
13
4
4
4
1
6
24
13
2
5
3
23
3
4
1
5
2
3
6
6
3
6
2
3
3
5
1
1
7
36
2
5
1
2
2
4
1
1
6
1
25
10
3
15
2
5
5
8
91
2
7
8
9
6
2
6
10
1
2
9
13
1
13
2
3
2
10
4
6
3
1
3
1
6
4
3
3
4
2
5
2
1
3
1
1
3
2
2
7
10
12
2
4
5
12
13
4
3
16
23
2
17
3
6
2
8
5
16
2
8
3
2
15
9
6
2
1
2
1
4
5
2
1
2
21
6
2
15
6
4
2
3
13
6
8
10
4
41
19
4
6
1
3
3
4
11
1
3
1
1
4
2
2
12
10
4
6
5
3
12
7
7
3
1
3
10
2
8
1
3
18
3
2
2
2
20
1
3
8
15
2
2
4
4
6
4
20
2
1
6
4
2
5
1
9
22
2
12
15
1
2
